-1.4
-6.1
-10.8
-10.45
-10.1
-9.45
-8.8
-9.15
-9.5
-10.75
-12
-13.1
-14.2
-13.5
-12.8
-11.9
-11
-9.75
-8.5
-8.5
-8.5
-10.8
-13.1
-15.35
-17.6
-18.5
-19.4
-17.8
-16.2
-15.3
-14.4
-12.6
-10.8
-9.5
-8.2
-6.2
-4.2
-5.4
-6.6
-9.85
-13.1
-16.05
-19
-19.3
-19.6
-13.1
-6.6
-1.8
3
8.55
14.1
4.6
-4.9
-8.85
-12.8
-13.6
-14.4
-17.35
-20.3
-23.15
-26
-29.25
-32.5
-31.55
-30.6
-23.9
-17.2
-18.45
-19.7
-18
-16.3
-16.35
-16.4
-11.55
-6.7
-2.1
2.5
8.75
15
19.3
23.6
24.4
25.2
29.4
33.6
39.95
46.3
47.75
49.2
45.55
41.9
38.9
35.9
31.5
27.1
25.3
23.5
28.7
33.9
37.55
41.2
47.1
53
58.45
63.9
68.55
73.2
69.2
65.2
62.55
59.9
49.95
40
40
40
23.15
6.3
-22.6
-51.5
-65.1
-78.7
-69.5
-60.3
-54.35
-48.4
-36.7
-25
-15.45
-5.9
3.75
13.4
22.1
30.8
40.35
49.9
60.45
71
85.25
99.5
110.7
121.9
137.4
152.9
148.9
144.9
130.2
115.5
104.5
93.5
91.35
89.2
90.9
92.6
88.25
83.9
87
90.1
94.7
99.3
110.1
120.9
76.85
32.8
-57.35
-147.5
-177.05
-206.6
-202.75
-198.9
-201.15
-203.4
-192.5
-181.6
-177.05
-172.5
-173.85
-175.2
-175.25
-175.3
-177.9
-180.5
-171.75
-163
-148.85
-134.7
-121.7
-108.7
-93.45
-78.2
-60.55
-42.9
-22.3
-1.7
17.15
36
57.25
78.5
97.45
116.4
138.1
159.8
177.9
196
218.6
241.2
257.05
272.9
288.25
303.6
311.8
320
330.85
341.7
311.9
282.1
257.25
232.4
56.3
-119.8
-178.55
-237.3
-200.65
-164
-175.25
-186.5
-148
-109.5
-92.4
-75.3
-46.3
-17.3
-3
11.3
32.3
53.3
71.4
89.5
104.05
118.6
147.15
175.7
116.65
57.6
-102.75
-263.1
-208.9
-154.7
-163.8
-172.9
-137.05
-101.2
-79.55
-57.9
-17.1
23.7
-21.65
-67
-132.5
-198
-181.05
-164.1
-166.3
-168.5
-158.3
-148.1
-135.6
-123.1
-111.6
-100.1
-87.6
-75.1
-63.7
-52.3
-39.7
-27.1
-15.75
-4.4
7.2
18.8
4.65
-9.5
-26.4
-43.3
-63.55
-83.8
-89.45
-95.1
-83.35
-71.6
-65.75
-59.9
-46.65
-33.4
-22.1
-10.8
3.85
18.5
30.25
42
54.65
67.3
28.8
-9.7
-23.45
-37.2
-20.6
-4
-1.45
1.1
17.75
34.4
45.45
56.5
72.4
88.3
100.65
113
124.65
136.3
79.1
21.9
23
24.1
46.2
68.3
68.6
68.9
100.35
131.8
133.55
135.3
169.65
204
55.45
-93.1
-111.95
-130.8
-100
-69.2
-61.9
-54.6
-23.7
7.2
37.35
67.5
-19.6
-106.7
-127.75
-148.8
-127.95
-107.1
-111.65
-116.2
-96.2
-76.2
-66.05
-55.9
-38.7
-21.5
-17.05
-12.6
-40
-67.4
-49.9
-32.4
-33.05
-33.7
-22.3
-10.9
-4.6
1.7
15.8
29.9
39.35
48.8
54.8
60.8
41.5
22.2
9.5
-3.2
-13.85
-24.5
-8.4
7.7
14.4
21.1
38.95
56.8
69.7
82.6
101.6
120.6
134.2
147.8
160.75
173.7
107.9
42.1
22.5
2.9
14.4
25.9
27.6
29.3
11.9
-5.5
-10.1
-14.7
-0.2
14.3
17.45
20.6
35.25
49.9
57.2
64.5
80.1
95.7
104.25
112.8
128.75
144.7
153.8
162.9
178.7
194.5
190.05
185.6
192
198.4
187.65
176.9
150.95
125
2.15
-120.7
-87.45
-54.2
-46.3
-38.4
-34.75
-31.1
-71.45
-111.8
-138.95
-166.1
-206.25
-246.4
-224.45
-202.5
-193
-183.5
-157.6
-131.7
-113.85
-96
-64.25
-32.5
-8.55
15.4
48.5
81.6
106.75
131.9
156.85
181.8
88
-5.8
-11.35
-16.9
5.8
28.5
36.6
44.7
71.5
98.3
120.35
142.4
163.85
185.3
215.45
245.6
207.05
168.5
15.25
-138
-118.95
-99.9
-104.4
-108.9
-99.8
-90.7
-68.8
-46.9
-85.95
-125
-168.05
-211.1
-186.4
-161.7
-165.45
-169.2
-149.9
-130.6
-120.85
-111.1
-94.2
-77.3
-64.15
-51
-52.7
-54.4
-87.2
-120
-120.45
-120.9
-118.35
-115.8
-115.15
-114.5
-93.1
-71.7
-63.15
-54.6
-24.1
6.4
-37
-80.4
-121.9
-163.4
-124.65
-85.9
-91
-96.1
-67.85
-39.6
-27.15
-14.7
8.6
31.9
48.35
64.8
76.2
87.6
67.4
47.2
33.5
19.8
8.55
-2.7
13.25
29.2
36.85
44.5
61.5
78.5
90.9
103.3
119.25
135.2
147.9
160.6
173.35
186.1
157.1
128.1
96.05
64
42.2
20.4
25.9
31.4
34.35
37.3
43.45
49.6
36.55
23.5
7.55
-8.4
-12.6
-16.8
-14.05
-11.3
-17.1
-22.9
-23.85
-24.8
-20.25
-15.7
-11.3
-6.9
3.9
14.7
26.3
37.9
47.9
57.9
41.7
25.5
10.7
-4.1
-23.45
-42.8
-28.05
-13.3
-1.9
9.5
16.25
23
5.05
-12.9
-8.95
-5
1.5
8
14.5
21
29.5
38
44.5
51
33.35
15.7
6.25
-3.2
-7.15
-11.1
-5.3
0.5
4.05
7.6
5.55
3.5
-3
-9.5
-6.55
-3.6
-2.6
-1.6
1.1
3.8
6.15
8.5
1.45
-5.6
-18
-30.4
-36.25
-42.1
-33.25
-24.4
-24
-23.6
-20.65
-17.7
-15.3
-12.9
-7.35
-1.8
9.25
20.3
4.75
-10.8
-9.95
-9.1
-6.25
-3.4
-7
-10.6
-10.85
-11.1
-10.5
-9.9
-5.05
-0.2
3.55
7.3
15.4
23.5
29.5
35.5
53
70.5
74.2
77.9
48.15
18.4
-3.95
-26.3
-19.35
-12.4
-8.3
-4.2
5.85
15.9
10.35
4.8
-8.55
-21.9
-34.3
-46.7
-44.75
-42.8
-32.2
-21.6
-12.95
-4.3
5.8
15.9
23.95
32
36.95
41.9
27.1
12.3
-1.85
-16
-18.2
-20.4
-14.3
-8.2
-14.4
-20.6
-17.15
-13.7
-9.6
-5.5
-0.1
5.3
9.35
13.4
20
26.6
24.9
23.2
15.55
7.9
3.55
-0.8
9.6
20
31.75
43.5
46.35
49.2
34.15
19.1
14.15
9.2
3.5
-2.2
-2.15
-2.1
1.55
5.2
7.25
9.3
17.4
25.5
31.15
36.8
44.65
52.5
53.3
54.1
48.3
42.5
41.15
39.8
47.85
55.9
65.75
75.6
56.05
36.5
38.8
41.1
25.45
9.8
-5.3
-20.4
-22.65
-24.9
-32.7
-40.5
-40.9
-41.3
-44.2
-47.1
-45.2
-43.3
-44.55
-45.8
-25.75
-5.7
6.05
17.8
-1.5
-20.8
-35
-49.2
-51.1
-53
-44.6
-36.2
-38.35
-40.5
-35.65
-30.8
-31.2
-31.6
-29.05
-26.5
-26.5
-26.5
-26.7
-26.9
-30.7
-34.5
-32.7
-30.9
-26.3
-21.7
-14.75
-7.8
0.45
8.7
18.4
28.1
29.55
31
33.4
35.8
34.95
34.1
34.95
35.8
32.25
28.7
29.6
30.5
20.85
11.2
16.3
21.4
17.5
13.6
26
38.4
-23.85
-86.1
-110.5
-134.9
-134.55
-134.2
-134.8
-135.4
-127.35
-119.3
-111.75
-104.2
-93.55
-82.9
-74
-65.1
-54.75
-44.4
-35.1
-25.8
-15.9
-6
-7.55
-9.1
-13.65
-18.2
-16.45
-14.7
-3.1
8.5
12.4
16.3
10.65
5
15.7
26.4
42.3
58.2
72.45
86.7
103.35
120
144.75
169.5
140.3
111.1
0.55
-110
-73.3
-36.6
-40.55
-44.5
-34.05
-23.6
-59.8
-96
-80.8
-65.6
-62.65
-59.7
-63.35
-67
-61.1
-55.2
-28.95
-2.7
17.55
37.8
72.5
107.2
137.05
166.9
130.8
94.7
67.75
40.8
53.75
66.7
39.95
13.2
1.85
-9.5
-30.75
-52
-67.35
-82.7
-98.95
-115.2
-115.1
-115
-97.65
-80.3
-58.6
-36.9
-17
2.9
28.7
54.5
86.15
117.8
139.4
161
67
-27
-11.8
3.4
-1.1
-5.6
-1.8
2
8.3
14.6
34.15
53.7
66.75
79.8
29.65
-20.5
-39.75
-59
-37.95
-16.9
-17.2
-17.5
-10.15
-2.8
2.3
7.4
22.8
38.2
47.45
56.7
66
75.3
77.7
80.1
69.65
59.2
44.8
30.4
16.35
2.3
4.35
6.4
-17.1
-40.6
-42.85
-45.1
-26.5
-7.9
4.45
16.8
36.75
56.7
33
9.3
1.9
-5.5
-0.55
4.4
-3.95
-12.3
-20.25
-28.2
-35.95
-43.7
-39.45
-35.2
-30.35
-25.5
-18.3
-11.1
4.7
20.5
36.2
51.9
68.65
85.4
99.9
114.4
93.85
73.3
48.5
23.7
-6.55
-36.8
-31.95
-27.1
-24.4
-21.7
-54.5
-87.3
-92.3
-97.3
-78.1
-58.9
-46.25
-33.6
-12.95
7.7
16.8
25.9
38.35
50.8
43.45
36.1
22.1
8.1
1.25
-5.6
-13.25
-20.9
-26.3
-31.7
-27.75
-23.8
-30.7
-37.6
-46.3
-55
-63.6
-72.2
-76.25
-80.3
-66.3
-52.3
-43.15
-34
-17.55
-1.1
2.7
6.5
1.4
-3.7
-2.1
-0.5
-8.65
-16.8
-28.9
-41
-24.5
-8
-0.05
7.9
22.65
37.4
49.45
61.5
64
66.5
45.95
25.4
9.85
-5.7
-26.55
-47.4
-41.5
-35.6
-29.95
-24.3
-14.55
-4.8
3.9
12.6
25.25
37.9
31
24.1
0.7
-22.7
-32.75
-42.8
-55.35
-67.9
-67
-66.1
-62.55
-59
-55.15
-51.3
-46.05
-40.8
-35.85
-30.9
-28.75
-26.6
-40.35
-54.1
-58.45
-62.8
-76.8
-90.8
-100.75
-110.7
-99.4
-88.1
-82.55
-77
-67.6
-58.2
-52.75
-47.3
-40.3
-33.3
-26.6
-19.9
-8.95
2
11.55
21.1
32.15
43.2
52.25
61.3
69
76.7
85
93.3
99.95
106.6
109.8
113
115.85
118.7
121.7
124.7
129.05
133.4
146.4
159.4
169.55
179.7
191.7
203.7
163.65
123.6
83.9
44.2
15.1
-14
-40.3
-66.6
-61.05
-55.5
-62.4
-69.3
-83.85
-98.4
-111.5
-124.6
-121.25
-117.9
-111.45
-105
-98.5
-92
-83.15
-74.3
-77.6
-80.9
-82.95
-85
-85.5
-86
-86.15
-86.3
-86.8
-87.3
-87.05
-86.8
-87.65
-88.5
-71.1
-53.7
-24.25
5.2
13.35
21.5
23
24.5
41.25
58
44.7
31.4
27.5
23.6
36.05
48.5
53.7
58.9
55.7
52.5
44
35.5
27.6
19.7
19.8
19.9
34.55
49.2
41.75
34.3
31.55
28.8
36
43.2
33.55
23.9
16.35
8.8
8.25
7.7
-3.55
-14.8
-11.25
-7.7
-4.8
-1.9
2.8
7.5
5.95
4.4
-5.05
-14.5
-23.05
-31.6
-27.85
-24.1
-13.45
-2.8
7.7
18.2
30.4
42.6
43.25
43.9
47.55
51.2
48.9
46.6
47.25
47.9
33.6
19.3
20.75
22.2
24.8
27.4
33.35
39.3
44.85
50.4
54.05
57.7
58.25
58.8
70.5
82.2
80.95
79.7
87.3
94.9
64.7
34.5
19.5
4.5
-3.9
-12.3
-23.5
-34.7
-38.65
-42.6
-42.1
-41.6
-34.55
-27.5
-27.25
-27
-9.8
7.4
25.1
42.8
9.85
-23.1
-30.9
-38.7
-23.5
-8.3
2.8
13.9
29.2
44.5
23.6
2.7
-33.5
-69.7
-74.65
-79.6
-52.35
-25.1
-19.3
-13.5
-2.8
7.9
-1.8
-11.5
-18.3
-25.1
-29.2
-33.3
-30.1
-26.9
-28.5
-30.1
-25.05
-20
-13.35
-6.7
-5.25
-3.8
3.35
10.5
20.05
29.6
32
34.4
65.05
95.7
92.75
89.8
53.85
17.9
-9.15
-36.2
-67.8
-99.4
-90.05
-80.7
-77.55
-74.4
-64.15
-53.9
-43.45
-33
-22.9
-12.8
-4.85
3.1
8.95
14.8
32.8
50.8
24.3
-2.2
-25.55
-48.9
-42.35
-35.8
-52.45
-69.1
-60.35
-51.6
-44.35
-37.1
-14.15
8.8
36
63.2
73.65
84.1
105.85
127.6
133.2
138.8
129.05
119.3
97.2
75.1
48.8
22.5
6.85
-8.8
-15.75
-22.7
-7.65
7.4
12.75
18.1
36.25
54.4
47.15
39.9
22.2
4.5
-1.85
-8.2
-13.35
-18.5
-10.25
-2
-0.7
0.6
-5.55
-11.7
-16.35
-21
-25.65
-30.3
-40.75
-51.2
-61.95
-72.7
-65.3
-57.9
-42.25
-26.6
-22.2
-17.8
-6.9
4
6.9
9.8
11.75
13.7
17.9
22.1
32.9
43.7
26.4
9.1
-22.85
-54.8
-55.15
-55.5
-39.9
-24.3
-16.2
-8.1
8.45
25
33
41
29.6
18.2
7.75
-2.7
-13.5
-24.3
-12.9
-1.5
11.6
24.7
36.45
48.2
63.25
78.3
70.25
62.2
47.65
33.1
15.85
-1.4
-10.45
-19.5
-22.1
-24.7
-22.95
-21.2
-16.1
-11
-3
5
14.55
24.1
10.35
-3.4
-12.5
-21.6
-34.35
-47.1
-41.7
-36.3
-27.9
-19.5
-10.65
-1.8
7.6
17
4.5
-8
-3.75
0.5
11.75
23
30.2
37.4
48.75
60.1
55.85
51.6
47.4
43.2
38.8
34.4
42.45
50.5
57.9
65.3
66.8
68.3
42.75
17.2
0.1
-17
-34.85
-52.7
-59.55
-66.4
-52.55
-38.7
-30.45
-22.2
-12.75
-3.3
4.3
11.9
-0.45
-12.8
-23.95
-35.1
-43.25
-51.4
-42.45
-33.5
-27.65
-21.8
-11.5
-1.2
6.5
14.2
10.6
7
0.35
-6.3
-9.15
-12
-22.1
-32.2
-33.4
-34.6
-21.85
-9.1
-0.9
7.3
19.1
30.9
39.05
47.2
53.75
60.3
58.95
57.6
45.3
33
12.85
-7.3
-42.5
-77.7
-69.25
-60.8
-52.3
-43.8
-32.35
-20.9
-8.9
3.1
19.05
35
32.15
29.3
20.7
12.1
22.95
33.8
32.75
31.7
28.55
25.4
23
20.6
20.2
19.8
18.6
17.4
9.75
2.1
-6.15
-14.4
-24.35
-34.3
-34.1
-33.9
-24.2
-14.5
-8.65
-2.8
7.1
17
3.7
-9.6
-17.55
-25.5
-26.7
-27.9
-33.35
-38.8
-31.5
-24.2
-22.85
-21.5
-19.85
-18.2
-17.8
-17.4
-10.6
-3.8
-3.25
-2.7
-10.6
-18.5
-15.4
-12.3
-1.8
8.7
21.5
34.3
51.9
69.5
80.25
91
88.15
85.3
80.65
76
63.65
51.3
34.95
18.6
10.05
1.5
-8.75
-19
-17.05
-15.1
-11.2
-7.3
-2.6
2.1
7.5
12.9
17.2
21.5
11.95
2.4
-5
-12.4
-22.65
-32.9
-42.4
-51.9
-61.35
-70.8
-64.35
-57.9
-52.05
-46.2
-38.45
-30.7
-22.6
-14.5
-7.7
-0.9
-9.45
-18
-24.9
-31.8
-39.15
-46.5
-42.8
-39.1
-36.8
-34.5
-33.05
-31.6
-37.55
-43.5
-46.3
-49.1
-48.3
-47.5
-44.75
-42
-39.05
-36.1
-31.9
-27.7
-26.75
-25.8
-19.85
-13.9
-10.35
-6.8
21.95
50.7
61.45
72.2
80
87.8
83
78.2
77.35
76.5
60.2
43.9
25.95
8
4.65
1.3
-5.65
-12.6
-7.05
-1.5
0.75
3
6.7
10.4
10.4
10.4
14.85
19.3
19.9
20.5
13.95
7.4
0.9
-5.6
-6.4
-7.2
-0.1
7
8.8
10.6
12.65
14.7
6.9
-0.9
-8.4
-15.9
-17.3
-18.7
-9.7
-0.7
7.4
15.5
13
10.5
-0.5
-11.5
-20.85
-30.2
-30.55
-30.9
-20.2
-9.5
-7.65
-5.8
-2.7
0.4
1.2
2
3.5
5
5.35
5.7
7.7
9.7
11.55
13.4
15.55
17.7
19.75
21.8
23.95
26.1
28.15
30.2
32.4
34.6
36.6
38.6
43
47.4
43.35
39.3
31.55
23.8
17.65
11.5
1.8
-7.9
-10.15
-12.4
-3.5
5.4
4.05
2.7
-11.15
-25
-40.8
-56.6
-59.8
-63
-61.05
-59.1
-50.2
-41.3
-24.05
-6.8
10.2
27.2
27.45
27.7
12.8
-2.1
-4.05
-6
-8.5
-11
-16.55
-22.1
-31.85
-41.6
-46.75
-51.9
-37.05
-22.2
-9.6
3
5.45
7.9
10.9
13.9
15.5
17.1
21.2
25.3
28.8
32.3
35.7
39.1
27.75
16.4
1.4
-13.6
-22.95
-32.3
-30.7
-29.1
-28.9
-28.7
-29.55
-30.4
-32.15
-33.9
-29.2
-24.5
-16.05
-7.6
2.45
12.5
25.05
37.6
38.9
40.2
32.35
24.5
20.05
15.6
5.8
-4
-9.65
-15.3
-22.1
-28.9
-30.25
-31.6
-21.35
-11.1
-0.85
9.4
21.45
33.5
45.55
57.6
50
42.4
28.35
14.3
6.8
-0.7
-7.1
-13.5
-20.25
-27
-30.55
-34.1
-34.9
-35.7
-37.65
-39.6
-39.9
-40.2
-44.5
-48.8
-48.4
-48
-44.3
-40.6
-40.65
-40.7
-37.9
-35.1
-26.9
-18.7
-12.2
-5.7
-0.65
4.4
1.25
-1.9
-4.55
-7.2
-12.05
-16.9
-14.2
-11.5
0.55
12.6