-1.176
-0.686
-0.294
-0.392
-0.49
0
0.588
3.136
5.586
5.782
5.978
5.194
4.41
5.096
5.684
5.488
5.292
3.626
2.058
2.45
2.94
3.724
4.508
4.214
3.92
2.646
1.372
-1.176
-3.626
-5.488
-7.35
-8.036
-8.722
-8.232
-7.742
-5.194
-2.548
0.196
2.94
3.92
4.998
3.626
2.254
0.588
-1.078
-0.98
-0.882
-1.078
-1.176
2.058
5.39
9.702
14.112
13.524
12.936
11.858
10.682
10.388
9.996
7.546
5.096
-0.588
-6.37
-10.584
-14.896
-16.856
-18.816
-19.894
-21.07
-18.326
-15.582
-11.466
-7.252
-3.92
-0.588
2.744
6.174
6.86
7.644
7.252
6.958
5.684
4.41
2.842
1.274
-0.882
-2.94
-6.076
-9.212
-7.84
-6.37
0.882
8.232
15.092
21.854
19.992
18.13
16.464
14.798
12.74
10.78
4.606
-1.666
-7.644
-13.72
-16.856
-19.992
-21.658
-23.422
-27.048
-30.674
-30.184
-29.792
-25.088
-20.482
-11.172
-1.862
9.702
21.168
24.108
27.146
23.128
19.11
11.27
3.528
1.176
-1.176
2.646
6.566
11.858
17.15
21.854
26.558
27.244
27.93
22.246
16.66
7.252
-2.058
-2.744
-3.332
5.39
14.112
16.562
19.11
13.72
8.428
0.49
-7.35
-22.638
-38.024
-47.432
-56.84
-56.448
-56.056
-43.022
-30.086
-16.366
-2.744
12.054
26.852
40.278
53.606
56.84
59.976
48.706
37.436
19.796
2.058
-3.92
-9.996
-13.23
-16.562
-16.758
-16.954
-18.032
-19.11
-10.584
-2.058
15.386
32.928
35.084
37.142
26.166
15.19
-3.038
-21.266
-34.202
-47.236
-48.02
-48.706
-45.276
-41.846
-31.066
-20.286
-1.274
17.836
36.358
54.978
59.192
63.406
53.018
42.63
31.262
19.992
6.272
-7.35
-25.676
-44.002
-47.824
-51.744
-40.082
-28.42
-13.916
0.49
13.034
25.676
35.476
45.276
40.474
35.77
15.386
-4.9
-13.23
-21.56
-16.856
-12.152
-6.37
-0.588
-3.136
-5.684
-8.722
-11.858
-11.074
-10.29
-4.704
0.784
0.686
0.588
-14.602
-29.792
-27.538
-25.284
-11.858
1.568
-4.9
-11.27
-28.126
-45.08
-41.356
-37.632
-25.088
-12.544
5.978
24.5
46.452
68.502
75.656
82.908
64.582
46.354
34.594
22.736
20.482
18.13
3.43
-11.27
-22.05
-32.928
-37.044
-41.16
-43.61
-46.158
-38.808
-31.458
-2.842
25.774
49.392
73.01
64.288
55.664
28.126
0.588
-24.892
-50.372
-66.346
-82.32
-92.022
-101.822
-92.512
-83.104
-62.034
-40.866
-23.128
-5.292
9.996
25.382
39.004
52.626
60.662
68.698
58.31
47.824
29.204
10.682
-3.136
-16.954
-14.896
-12.838
5.978
24.696
37.828
50.96
53.214
55.37
52.038
48.608
42.826
37.044
23.324
9.604
-15.288
-40.082
-60.466
-80.752
-78.498
-76.146
-56.644
-37.044
-19.208
-1.274
21.854
44.982
58.702
72.324
62.916
53.41
46.844
40.376
46.844
53.214
56.154
58.996
56.448
53.802
50.078
46.354
37.436
28.42
11.662
-5.096
-20.972
-36.75
-54.488
-72.324
-82.712
-93.1
-92.708
-92.316
-89.376
-86.338
-78.792
-71.246
-58.408
-45.57
-35.378
-25.088
-22.148
-19.11
-17.346
-15.68
4.41
24.402
47.53
70.756
71.932
73.108
56.742
40.376
19.306
-1.764
-8.722
-15.582
-10.388
-5.194
-0.98
3.234
-1.862
-6.958
-14.798
-22.638
-18.13
-13.72
3.528
20.678
28.42
36.064
45.864
55.664
63.798
71.834
53.704
35.574
18.228
0.98
1.078
1.176
5.488
9.702
15.19
20.678
24.99
29.302
17.052
4.9
-22.932
-50.666
-71.148
-91.63
-98.294
-104.86
-100.744
-96.53
-83.006
-69.58
-48.706
-27.832
-10.976
5.978
8.428
10.878
13.426
15.974
22.148
28.42
26.166
23.814
18.522
13.23
12.348
11.368
8.33
5.292
-4.116
-13.622
-23.324
-32.928
-38.808
-44.59
-47.922
-51.156
-54.292
-57.33
-45.178
-32.928
-1.078
30.772
59.584
88.396
96.53
104.762
105.35
105.84
105.546
105.252
86.828
68.502
37.24
6.076
-14.112
-34.398
-39.004
-43.708
-45.668
-47.628
-39.788
-32.046
-22.736
-13.426
-12.74
-12.152
-16.17
-20.286
-22.344
-24.5
-13.132
-1.764
10.682
23.226
24.696
26.068
23.422
20.678
17.542
14.406
10.878
7.35
2.45
-2.352
-2.45
-2.548
-3.626
-4.802
-20.482
-36.26
-43.61
-50.96
-44.786
-38.71
-34.006
-29.302
-29.596
-29.89
-27.636
-25.48
-11.956
1.568
15.876
30.282
39.494
48.804
62.524
76.244
99.078
121.912
132.594
143.374
122.892
102.312
68.11
33.81
4.998
-23.814
-46.746
-69.776
-87.318
-104.958
-111.426
-117.894
-116.228
-114.66
-103.782
-92.806
-80.556
-68.306
-62.524
-56.84
-52.528
-48.314
-48.02
-47.726
-60.074
-72.324
-83.986
-95.55
-95.452
-95.256
-77.616
-59.976
-36.75
-13.426
11.564
36.456
62.818
89.082
100.058
111.034
105.938
100.744
83.202
65.66
55.958
46.256
42.63
39.102
36.946
34.888
28.42
21.952
15.386
8.918
9.114
9.31
14.014
18.718
25.676
32.634
31.556
30.478
14.406
-1.764
-30.184
-58.604
-85.456
-112.308
-135.632
-158.956
-167.776
-176.498
-176.204
-176.008
-170.128
-164.248
-146.804
-129.262
-103.88
-78.596
-41.258
-4.018
26.656
57.33
51.94
46.452
18.326
-9.8
-23.128
-36.358
-38.024
-39.592
-38.416
-37.24
-34.496
-31.654
-28.126
-24.598
-20.384
-16.17
-15.974
-15.778
-13.328
-10.976
-8.33
-5.782
-4.116
-2.45
-7.448
-12.348
-36.652
-60.956
-75.068
-89.278
-84.868
-80.36
-40.866
-1.372
56.35
114.072
172.284
230.594
284.69
338.688
362.11
385.434
394.646
403.858
375.144
346.43
276.654
206.976
136.122
65.268
11.466
-42.434
-87.318
-132.202
-164.542
-196.98
-229.81
-262.738
-283.024
-303.408
-302.526
-301.742
-254.702
-207.662
-150.332
-92.904
12.152
117.208
258.23
399.252
389.452
379.652
288.022
196.49
113.484
30.38
-12.054
-54.586
-64.19
-73.794
-58.31
-42.728
-2.94
36.946
73.598
110.25
120.442
130.732
131.026
131.418
113.386
95.354
56.056
16.856
-24.402
-65.562
-77.42
-89.376
-75.754
-62.23
-47.53
-32.83
-13.622
5.586
34.888
64.19
67.13
70.07
34.888
-0.196
-34.3
-68.404
-103.096
-137.886
-142.786
-147.588
-126.126
-104.664
-64.19
-23.716
54.292
132.202
220.108
308.014
362.992
418.068
432.67
447.37
382.984
318.598
256.956
195.412
171.598
147.784
120.05
92.316
64.386
36.554
10.486
-15.582
-33.32
-50.96
-61.348
-71.638
-78.4
-85.162
-89.67
-94.178
-103.978
-113.778
-128.968
-144.158
-166.6
-189.042
-213.934
-238.826
-260.582
-282.24
-306.544
-330.848
-337.218
-343.686
-345.352
-346.92
-319.774
-292.628
-253.33
-214.032
-173.362
-132.692
-81.046
-29.498
64.876
159.25
161.21
163.17
80.458
-2.254
-55.86
-109.368
-157.584
-205.8
-243.922
-281.946
-304.682
-327.516
-329.77
-332.024
-318.304
-304.584
-282.338
-259.994
-217.168
-174.342
-127.106
-79.87
91.728
263.326
395.724
528.122
530.768
533.414
545.174
556.934
503.23
449.624
401.31
352.996
314.286
275.576
235.494
195.314
136.808
78.204
35.084
-8.134
-44.786
-81.438
-108.976
-136.612
-151.606
-166.6
-165.326
-163.954
-140.924
-117.992
-88.984
-60.074
-24.696
10.682
42.532
74.382
96.53
118.58
134.064
149.548
161.994
174.44
172.774
171.108
161.308
151.508
134.75
117.894
98.294
78.792
48.902
19.012
-13.328
-45.668
-70.854
-95.942
-119.462
-142.884
-151.508
-160.132
-160.524
-160.818
-157.682
-154.448
-141.61
-128.674
-103.39
-78.008
-61.152
-44.296
-44.786
-45.374
-48.314
-51.254
-40.964
-30.674
-15.484
-0.294
6.272
12.838
24.598
36.358
49.392
62.524
80.85
99.176
124.656
150.038
168.266
186.592
191.688
196.784
202.272
207.76
213.346
218.932
210.896
202.86
171.598
140.238
106.722
73.108
47.334
21.462
2.548
-16.464
-32.438
-48.51
-73.108
-97.706
-121.912
-146.118
-167.972
-189.826
-207.172
-224.616
-235.102
-245.686
-252.742
-259.798
-265.776
-271.754
-274.4
-276.948
-277.438
-277.83
-275.184
-272.538
-267.344
-262.15
-246.372
-230.496
-195.706
-161.014
-117.404
-73.794
-9.996
53.802
74.676
95.55
64.582
33.614
18.816
3.92
-2.352
-8.624
9.212
27.048
56.938
86.73
115.052
143.374
150.234
156.996
129.556
102.116
74.872
47.628
28.812
9.996
11.466
13.034
37.436
61.838
85.554
109.27
120.638
132.006
133.476
134.946
133.378
131.81
121.128
110.348
95.844
81.34
77.126
73.01
72.52
71.932
71.148
70.364
76.636
82.81
90.552
98.294
99.078
99.764
86.926
74.088
53.508
33.026
13.72
-5.684
-24.01
-42.336
-48.608
-54.978
-58.604
-62.132
-65.17
-68.208
-72.814
-77.518
-81.438
-85.358
-85.946
-86.534
-81.634
-76.636
-56.154
-35.574
-10.192
15.19
37.534
59.878
72.422
84.966
83.594
82.124
67.424
52.724
30.772
8.722
-9.604
-27.93
-34.398
-40.866
-33.222
-25.578
-9.114
7.448
19.502
31.654
36.652
41.748
44.884
48.02
49.294
50.666
50.96
51.352
50.568
49.784
48.804
47.824
48.608
49.49
54.782
60.074
73.304
86.534
96.138
105.742
108.584
111.524
95.746
79.968
56.448
32.83
12.348
-8.134
-26.068
-43.904
-54.782
-65.66
-74.284
-82.81
-86.534
-90.258
-86.044
-81.83
-59.486
-37.044
-12.838
11.27
33.124
55.076
59.486
63.994
34.594
5.096
-27.93
-60.956
-84.476
-107.996
-125.342
-142.688
-150.822
-158.956
-162.778
-166.502
-163.856
-161.308
-146.608
-131.81
-106.722
-81.732
-53.9
-26.068
0.196
26.46
43.316
60.172
60.466
60.662
49.588
38.416
29.4
20.286
16.464
12.642
2.842
-6.958
-18.424
-29.89
-35.574
-41.356
-44.198
-47.138
-41.748
-36.26
-24.206
-12.054
7.35
26.754
47.824
68.796
75.362
81.928
72.422
62.818
39.494
16.268
-3.822
-23.912
-32.634
-41.356
-43.414
-45.472
-42.042
-38.514
-31.556
-24.5
-17.64
-10.682
-7.644
-4.704
-4.9
-5.096
-7.252
-9.31
-10.682
-12.054
-11.858
-11.662
-6.37
-1.176
9.506
20.286
33.516
46.746
64.974
83.104
101.136
119.168
128.674
138.082
140.924
143.864
143.178
142.492
140.336
138.18
132.202
126.224
112.7
99.176
86.338
73.5
67.718
61.838
55.664
49.588
37.534
25.48
15.68
5.978
-3.43
-12.838
-24.304
-35.868
-43.512
-51.254
-60.172
-69.09
-79.772
-90.454
-99.862
-109.27
-117.11
-124.95
-131.32
-137.69
-142.296
-146.902
-147.294
-147.686
-142.688
-137.69
-127.4
-117.012
-106.036
-94.962
-84.966
-74.97
-69.09
-63.308
-56.056
-48.804
-36.652
-24.402
-12.446
-0.49
7.448
15.386
21.168
26.852
35.28
43.806
58.8
73.696
91.042
108.29
125.538
142.884
153.174
163.464
162.778
162.092
142.59
123.088
87.906
52.724
23.128
-6.37
-28.126
-49.98
-60.368
-70.854
-76.048
-81.34
-74.872
-68.404
-46.452
-24.402
0.588
25.578
42.238
58.8
58.702
58.604
42.924
27.342
4.312
-18.62
-37.534
-56.35
-68.306
-80.262
-84.476
-88.69
-91.336
-93.884
-83.3
-72.716
-54.194
-35.574
-16.366
2.744
18.326
33.908
39.2
44.394
38.612
32.732
22.246
11.76
6.958
2.254
-1.568
-5.39
-7.154
-8.918
-11.368
-13.818
-16.268
-18.718
-21.462
-24.108
-25.382
-26.754
-24.01
-21.266
-17.64
-14.112
-12.152
-10.094
-8.918
-7.644
-6.86
-5.978
-7.448
-8.918
-13.132
-17.444
-22.442
-27.538
-29.792
-32.046
-30.282
-28.42
-19.404
-10.388
3.92
18.326
35.574
52.92
68.6
84.28
90.65
96.922
89.866
82.81
61.544
40.278
18.522
-3.136
-20.972
-38.808
-47.726
-56.546
-58.898
-61.25
-62.524
-63.798
-62.426
-60.956
-59.682
-58.408
-59.388
-60.368
-63.504
-66.64
-68.992
-71.442
-70.462
-69.58
-63.896
-58.212
-48.804
-39.396
-28.224
-16.954
-6.468
4.018
10.486
16.856
22.736
28.518
36.162
43.708
51.156
58.506
64.582
70.658
77.322
83.888
88.494
93.002
95.256
97.412
92.12
86.926
72.128
57.33
49.588
41.846
39.886
37.828
38.514
39.2
44.492
49.686
54.88
60.074
59.584
59.094
47.922
36.652
21.56
6.37
-7.35
-21.168
-31.36
-41.552
-46.354
-51.156
-51.842
-52.43
-47.726
-42.924
-38.122
-33.222
-33.026
-32.928
-37.828
-42.728
-52.136
-61.544
-68.894
-76.342
-79.184
-81.928
-82.026
-82.124
-71.246
-60.27
-38.906
-17.64
7.154
31.948
57.526
83.006
107.408
131.81
145.726
159.642
161.014
162.484
154.154
145.922
131.026
116.13
102.606
89.082
76.146
63.112
51.744
40.278
29.792
19.306
7.546
-4.214
-12.544
-20.972
-24.206
-27.44
-26.264
-25.088
-19.796
-14.504
-8.232
-2.058
0.392
2.842
3.038
3.234
-1.47
-6.174
-15.876
-25.48
-30.478
-35.574
-38.416
-41.258
-42.14
-43.022
-43.806
-44.59
-45.668
-46.746
-46.746
-46.844
-44.59
-42.434
-37.926
-33.418
-29.596
-25.774
-24.5
-23.324
-25.676
-28.028
-31.85
-35.574
-38.71
-41.748
-42.924
-44.002
-41.552
-39.102
-33.222
-27.342
-20.58
-13.916
-9.8
-5.782
-4.214
-2.744
-5.194
-7.644
-11.858
-15.974
-20.286
-24.696
-28.812
-32.928
-37.73
-42.63
-46.452
-50.274
-49.882
-49.392
-43.414
-37.338
-25.97
-14.504
-1.176
12.152
22.638
33.222
36.75
40.278
39.102
37.926
32.34
26.656
19.012
11.368
1.862
-7.742
-16.66
-25.578
-30.576
-35.672
-38.024
-40.376
-41.748
-43.12
-44.982
-46.844
-47.922
-49
-49
-49
-42.63
-36.26
-25.872
-15.386
-8.82
-2.156
2.45
7.154
11.564
15.876
19.698
23.422
26.362
29.302
30.478
31.556
29.694
27.832
22.834
17.836
11.564
5.194
0.686
-3.822
-4.41
-4.9
-2.94
-0.882
1.568
4.116
6.272
8.428
9.702
11.074
10.682
10.388
9.114
7.938
7.448
7.056
9.506
11.956
16.366
20.776
25.186
29.694
31.556
33.418
31.262
29.106
24.108
19.11
12.936
6.762
3.626
0.392
-1.862
-4.214
-6.174
-8.232
-7.546
-6.86
-4.214
-1.568
1.764
5.194
7.938
10.682
12.838
14.994
18.914
22.736
28.224
33.712
36.554
39.396
38.024
36.652
32.634
28.714
22.638
16.562
9.604
2.548
-2.548
-7.742
-9.8
-11.76
-10.682
-9.702
-6.762
-3.92
3.822
11.564
20.482
29.4
35.182
40.866
43.316
45.668
44.002
42.434
39.396
36.456
33.516
30.674
27.93
25.088
22.736
20.482
18.62
16.856
14.504
12.152
9.506
6.86
5.782
4.802
5.096
5.292
6.076
6.762
6.762
6.664
7.742
8.82
10.976
13.132
14.602
16.072
17.15
18.326
17.052
15.778
12.74
9.8
5.782
1.666
-3.724
-9.212
-14.21
-19.306
-23.52
-27.734
-31.066
-34.398
-35.476
-36.456
-35.084
-33.614
-30.282
-26.852
-21.952
-17.052
-12.054
-7.056
-3.43
0.196
1.176
2.156
1.47
0.882
0.098
-0.686
-0.294
0.098
0.392
0.686
-1.176
-2.94
-6.174
-9.408
-13.818
-18.326
-22.932
-27.44
-31.556
-35.672
-39.2
-42.63
-45.766
-48.804
-50.862
-53.018
-52.332
-51.646
-48.706
-45.766
-42.042
-38.318
-34.594
-30.968
-26.362
-21.854
-16.758
-11.662
-7.252
-2.842
0.294
3.528
5.488
7.546
8.722
9.898
10.388
10.976
11.662
12.348
14.504
16.66
22.148
27.734
34.594
41.552
46.844
52.234
54.88
57.428
55.762
54.096
49.098
44.1
38.71
33.418
29.89
26.362
24.696
23.128
21.756
20.482
19.012
17.444
14.896
12.25
7.84
3.43
-1.176
-5.782
-10.878
-15.974
-21.462
-27.048
-30.674
-34.398
-34.496
-34.594
-30.086
-25.676
-19.306
-13.034
-6.958
-0.882
3.234
7.35
6.468
5.684
1.47
-2.744
-6.86
-11.074
-13.622
-16.17
-15.288
-14.406
-9.898
-5.292
1.372
8.036
12.838
17.64
19.502
21.364
21.07
20.678
19.012
17.248
16.072
14.798
14.406
14.014
15.092
16.17
18.326
20.384
21.952
23.618
23.618
23.716
21.756
19.796
14.994
10.29
3.724
-2.744
-8.428
-14.21
-16.562
-18.816
-18.914
-19.012
-18.62
-18.326
-16.66
-15.092
-12.936
-10.78
-8.134
-5.488
-2.744
0
2.058
4.018
4.606
5.194
3.822
2.45
0.294
-1.96
-4.41
-6.86
-7.154
-7.35
-4.704
-2.058
1.862
5.88
9.996
14.21
18.326
22.54
24.99
27.538
26.46
25.48
21.07
16.758
10.29
3.92
-3.92
-11.76
-19.6
-27.44
-32.634
-37.828
-39.494
-41.16
-38.416
-35.574
-30.674
-25.774
-20.874
-15.974
-13.818
-11.76
-14.014
-16.268
-19.796
-23.324
-25.186
-27.048
-27.048
-27.048
-26.068
-25.088
-24.794
-24.598
-24.794
-25.088
-23.716
-22.344
-17.444
-12.544
-4.606
3.43
12.152
20.874
27.146
33.418
37.24
40.964
40.376
39.788
35.28
30.87
25.382
19.992
15.778
11.466
9.31
7.154
9.114
11.172
14.798
18.424
20.384
22.442
22.834
23.226
21.168
19.012
16.072
13.132
9.408
5.684
2.058
-1.568
-4.9
-8.232
-9.996
-11.662
-11.956
-12.25
-10.682
-9.114
-6.174
-3.332
-0.196
2.842
3.43
3.92
0.196
-3.626
-10.976
-18.228
-27.734
-37.142
-44.1
-51.156
-56.154
-61.054
-63.7
-66.346
-66.346
-66.346
-61.838
-57.232
-48.02
-38.71
